154 154 9a
245 245 f5
62 62 3e
103 103 67
5 5 5
16 16 10
102 102 66
250 250 fa
138 138 8a
147 147 93
129 129 81
70 70 46
63 63 3f
60 60 3c
250 250 fa
167 167 a7
199 199 c7
164 164 a4
232 232 e8
77 77 4d
120 120 78
133 133 85
206 206 ce
87 87 57
59 59 3b
5 5 5
173 173 ad
205 205 cd
225 225 e1
235 235 eb
248 248 f8
225 225 e1
114 114 72
3 3 3
3 3 3
9 9 9
104 104 68
175 175 af
144 144 90
25 25 19
161 161 a1
12 12 c
3 3 3
18 18 12
24 24 18
124 124 7c
57 57 39
36 36 24
11 11 b
248 248 f8
134 134 86
77 77 4d
105 105 69
42 42 2a
