225 225 e1
48 48 30
110 110 6e
143 143 8f
161 161 a1
93 93 5d
200 200 c8
115 115 73
3 3 3
4 4 4
168 168 a8
242 242 f2
7 7 7
199 199 c7
180 180 b4
185 185 b9
249 249 f9
238 238 ee
175 175 af
220 220 dc
96 96 60
165 165 a5
226 226 e2
161 161 a1
115 115 73
51 51 33
116 116 74
146 146 92
106 106 6a
125 125 7d
58 58 3a
248 248 f8
105 105 69
14 14 e
202 202 ca
24 24 18
157 157 9d
7 7 7
136 136 88
55 55 37
238 238 ee
201 201 c9
83 83 53
148 148 94
160 160 a0
19 19 13
207 207 cf
109 109 6d
210 210 d2
16 16 10
52 52 34
228 228 e4
252 252 fc
108 108 6c
110 110 6e
18 18 12
25 25 19
36 36 24
48 48 30
141 141 8d
129 129 81
198 198 c6
48 48 30
37 37 25
9 9 9
40 40 28
162 162 a2
225 225 e1
38 38 26
53 53 35
49 49 31
112 112 70
57 57 39
159 159 9f
206 206 ce
47 47 2f
204 204 cc
196 196 c4
29 29 1d
175 175 af
2 2 2
223 223 df
159 159 9f
85 85 55
125 125 7d
2 2 2
146 146 92
29 29 1d
104 104 68
94 94 5e
75 75 4b
248 248 f8
92 92 5c
96 96 60
210 210 d2
235 235 eb
23 23 17
61 61 3d
198 198 c6
94 94 5e
95 95 5f
45 45 2d
233 233 e9
92 92 5c
94 94 5e
155 155 9b
164 164 a4
205 205 cd
114 114 72
225 225 e1
176 176 b0
155 155 9b
25 25 19
123 123 7b
37 37 25
70 70 46
140 140 8c
157 157 9d
110 110 6e
140 140 8c
248 248 f8
199 199 c7
123 123 7b
131 131 83
228 228 e4
105 105 69
143 143 8f
62 62 3e
15 15 f
232 232 e8
91 91 5b
177 177 b1
109 109 6d
54 54 36
159 159 9f
88 88 58
92 92 5c
176 176 b0
154 154 9a
133 133 85
103 103 67
156 156 9c
109 109 6d
57 57 39
61 61 3d
186 186 ba
186 186 ba
125 125 7d
94 94 5e
25 25 19
179 179 b3
132 132 84
123 123 7b
251 251 fb
222 222 de
224 224 e0
112 112 70
55 55 37
76 76 4c
208 208 d0
4 4 4
136 136 88
229 229 e5
10 10 a
120 120 78
241 241 f1
94 94 5e
163 163 a3
70 70 46
170 170 aa
76 76 4c
15 15 f
167 167 a7
139 139 8b
45 45 2d
226 226 e2
227 227 e3
105 105 69
108 108 6c
198 198 c6
91 91 5b
80 80 50
219 219 db
33 33 21
42 42 2a
